+-----+----------------------+---------------------+---------------------+
|  k  | Mean Reciprocal Rank |  Average Precision  |    Recall By User   |
+-----+----------------------+---------------------+---------------------+
|  5  |  0.3581360623962562  |  0.2061042872465511 |  0.1995420661314076 |
|  10 | 0.34901170453062696  | 0.19553484274325597 | 0.18563547997121935 |
|  20 |  0.3478929282021988  | 0.20753415104159692 |  0.1889366462428497 |
|  30 | 0.39348004037720397  | 0.19885689080656166 |  0.1949476353623871 |
|  40 | 0.39938353820579936  |  0.1952550783739658 | 0.19624737812481824 |
|  50 | 0.37661665667687727  | 0.19248402505647078 |  0.191591889222289  |
|  75 | 0.36971705713530006  | 0.20626308496671883 | 0.19579040817835322 |
| 100 |  0.3689318674967229  | 0.20030031393915687 |  0.194182272786396  |
+-----+----------------------+---------------------+---------------------+
+-----+----------------------+----------------------+----------------------+
|  k  | Mean Reciprocal Rank |  Average Precision   |    Recall By User    |
+-----+----------------------+----------------------+----------------------+
|  5  | 0.11063402642035808  | 0.026719683965023194 | 0.02992812536821012  |
|  10 | 0.10328533779521328  | 0.02534770163014703  | 0.027925061859314173 |
|  20 |  0.1028558839520102  | 0.026302763407408964 | 0.031459879816189376 |
|  30 | 0.10012259950409359  | 0.028248081742809465 | 0.025686343819959868 |
|  40 | 0.09922683237897943  | 0.029658797107892466 |  0.0273359255331683  |
|  50 | 0.09819861040195851  | 0.027349088529730746 | 0.02933898904206425  |
|  75 | 0.09185891661183844  | 0.028186417277510114 | 0.028160716389772515 |
| 100 | 0.09357753453850161  | 0.024561990631417382 | 0.027335925533168298 |
+-----+----------------------+----------------------+----------------------+
