+-----+----------------------+---------------------+---------------------+
|  k  | Mean Reciprocal Rank |  Average Precision  |    Recall By User   |
+-----+----------------------+---------------------+---------------------+
|  5  | 0.37524491492536577  |  0.1985388523918036 | 0.20071512595382915 |
|  10 |  0.3749011747834612  |  0.1983372792970702 |  0.1931757474457201 |
|  20 |  0.358742317142386   | 0.19533715484399514 |  0.1907045235068766 |
|  30 | 0.36774054509717713  | 0.19818304075890575 | 0.19625521299138107 |
|  40 | 0.38635025135703704  | 0.20246545370221472 |  0.1949996302800182 |
|  50 | 0.34497733179277795  | 0.18978923473499382 | 0.19212595806524574 |
|  75 |  0.3680322155133736  | 0.19040100115871444 | 0.19345883964281696 |
| 100 |  0.3710979086779403  | 0.19581307216476343 | 0.19179181947359256 |
+-----+----------------------+---------------------+---------------------+
+-----+----------------------+---------------------+---------------------+
|  k  | Mean Reciprocal Rank |  Average Precision  |    Recall By User   |
+-----+----------------------+---------------------+---------------------+
|  5  | 0.37240281303142625  |  0.1980598060872307 | 0.19251468370071603 |
|  10 |  0.3637588540359108  | 0.19445267902741406 | 0.18928443174945575 |
|  20 |  0.3756322498097137  | 0.19332747234512157 | 0.19303566615234835 |
|  30 | 0.36920942201960716  | 0.19563591673548342 | 0.19364589944877447 |
|  40 |  0.3652500742781789  | 0.19918277896467146 | 0.19261936826733198 |
|  50 | 0.38294588124381657  | 0.20458616846968875 | 0.20304680678501816 |
|  75 |  0.3646523218507229  | 0.19792708664722794 |  0.193121475816912  |
| 100 | 0.36448732789930355  | 0.18694094021948118 | 0.18385384267342314 |
+-----+----------------------+---------------------+---------------------+
