+-----------------------------------------------------+----------------------+---------------------+---------------------+
|                        Model                        | Mean Reciprocal Rank |  Average Precision  |    Recall By User   |
+-----------------------------------------------------+----------------------+---------------------+---------------------+
|   WeightFiles/200_0.001_20_20_20May02_22-51-27.pth  |  0.4512333426308643  |  0.227034766962054  |  0.1868262599709395 |
|   WeightFiles/350_0.001_20_20_20May02_22-52-08.pth  |  0.5654390622592471  | 0.31857762265984796 |  0.2464705399872354 |
|   WeightFiles/500_0.001_20_20_20May02_22-52-50.pth  |  0.5856308834136609  |  0.3381306666742274 |  0.2520326272868677 |
|   WeightFiles/200_0.005_20_20_20May02_22-54-47.pth  |  0.5965998794351105  | 0.34181333420191773 |  0.2556766733939982 |
|   WeightFiles/350_0.005_20_20_20May02_22-55-21.pth  |  0.6391732311712182  | 0.37910863442972553 |  0.2844251690766637 |
|   WeightFiles/500_0.005_20_20_20May02_22-55-56.pth  |  0.5984832705086003  | 0.37319427875100425 |  0.2922240718579572 |
|   WeightFiles/200_0.01_20_20_20May02_22-57-54.pth   |  0.5709239597985831  |  0.3542562018442511 | 0.27915346679619674 |
|   WeightFiles/350_0.01_20_20_20May02_22-58-33.pth   |  0.6228062760339073  | 0.37434129984051034 |  0.2954406232159144 |
|   WeightFiles/500_0.01_20_20_20May02_22-59-12.pth   |  0.610891190666079   |  0.3925865951063903 |  0.3080873613591961 |
|   WeightFiles/200_0.001_20_50_50May02_23-01-48.pth  |  0.4728932871916126  |  0.2695639172274233 | 0.21821353770371735 |
|   WeightFiles/350_0.001_20_50_50May02_23-02-48.pth  |  0.5782549140162113  |  0.3229409160181064 | 0.24392488754711078 |
|   WeightFiles/500_0.001_20_50_50May02_23-04-00.pth  |  0.6128866943490774  |  0.3650147446585067 |  0.2724249111793901 |
|   WeightFiles/200_0.005_20_50_50May02_23-06-53.pth  |  0.6210864838910246  | 0.36998110317099425 |  0.2952374446263052 |
|   WeightFiles/350_0.005_20_50_50May02_23-07-52.pth  |  0.6400090177706668  |  0.3968067901933804 | 0.31367100357865485 |
|   WeightFiles/500_0.005_20_50_50May02_23-08-50.pth  |  0.6498409710929833  |  0.4115515325300776 | 0.32558108870857677 |
|   WeightFiles/200_0.01_20_50_50May02_23-11-16.pth   |  0.6284688133112252  |  0.3777987892731624 | 0.29854769654025226 |
|   WeightFiles/350_0.01_20_50_50May02_23-12-19.pth   |  0.6034878712790471  | 0.36956874224760433 | 0.30884859056663166 |
|   WeightFiles/500_0.01_20_50_50May02_23-13-26.pth   |  0.500924591144937   |  0.3128184203167832 |  0.2977608618497296 |
|  WeightFiles/200_0.001_20_100_100May02_23-17-09.pth |  0.5894809240724874  | 0.34399950892330944 |  0.268118649728431  |
|  WeightFiles/350_0.001_20_100_100May02_23-19-05.pth |  0.6037077683661605  |  0.3530553308653849 |  0.2823800269146226 |
|  WeightFiles/500_0.001_20_100_100May02_23-21-07.pth |  0.6272215921050219  |  0.3798081968762231 |  0.3062141129486426 |
|  WeightFiles/200_0.005_20_100_100May02_23-25-02.pth |  0.6495661329009151  |   0.39421543000644  | 0.30427653390969994 |
|  WeightFiles/350_0.005_20_100_100May02_23-26-49.pth |  0.5994687677665592  |  0.3718682321810455 | 0.27509275532971744 |
|  WeightFiles/500_0.005_20_100_100May02_23-28-32.pth |  0.5683126211822804  |  0.3641986115320867 | 0.29400938076531696 |
|  WeightFiles/200_0.01_20_100_100May02_23-31-54.pth  |  0.5200691503051834  |  0.2888107606132257 | 0.23053225731893945 |
|  WeightFiles/350_0.01_20_100_100May02_23-33-41.pth  |  0.594651027800815   | 0.36676393604460583 | 0.29084587957916824 |
|  WeightFiles/500_0.01_20_100_100May02_23-35-41.pth  |  0.6359485313918817  | 0.40912719759815314 | 0.31866781765917734 |
|   WeightFiles/200_0.001_50_20_20May02_23-37-37.pth  |  0.5037275933278691  | 0.28979597983887456 | 0.23173686373194682 |
|   WeightFiles/350_0.001_50_20_20May02_23-38-13.pth  |  0.5874726504721998  | 0.35173098345625853 | 0.27459632442805565 |
|   WeightFiles/500_0.001_50_20_20May02_23-38-48.pth  |  0.5755997111779814  | 0.35778636623481475 |  0.281816347480672  |
|   WeightFiles/200_0.005_50_20_20May02_23-40-43.pth  |  0.5828199532377083  |  0.3528892408589002 |  0.2788040349807662 |
|   WeightFiles/350_0.005_50_20_20May02_23-41-20.pth  |  0.6137229409201215  |  0.3713432577261062 | 0.29835259127090136 |
|   WeightFiles/500_0.005_50_20_20May02_23-42-07.pth  |  0.6011636710039181  | 0.37935340751396857 |  0.3087755549405247 |
|   WeightFiles/200_0.01_50_20_20May02_23-44-14.pth   |  0.6201292545495275  |  0.3831628101581083 |  0.2990242878181965 |
|   WeightFiles/350_0.01_50_20_20May02_23-44-54.pth   |  0.6187747346717901  | 0.39062644493191706 |  0.3043815402421675 |
|   WeightFiles/500_0.01_50_20_20May02_23-45-33.pth   |  0.612874419982036   | 0.39206666690550557 | 0.31183176693448533 |
|   WeightFiles/200_0.001_50_50_50May02_23-48-10.pth  |  0.5394963864584155  |  0.2909140938318647 |  0.2401144218946527 |
|   WeightFiles/350_0.001_50_50_50May02_23-49-26.pth  |  0.5865694473453547  |  0.3555719469123066 |  0.2839460100946932 |
|   WeightFiles/500_0.001_50_50_50May02_23-50-26.pth  |  0.6471313499366128  | 0.39540775567999253 | 0.30353208774125195 |
|   WeightFiles/200_0.005_50_50_50May02_23-53-15.pth  |  0.6313402081820769  | 0.38592066968205496 | 0.30103176682958804 |
|   WeightFiles/350_0.005_50_50_50May02_23-54-15.pth  |  0.5953504041280357  | 0.38006582857373106 | 0.30310281957423835 |
|   WeightFiles/500_0.005_50_50_50May02_23-55-13.pth  |  0.5637569808731574  | 0.34258831285029057 | 0.28736075511978065 |
|   WeightFiles/200_0.01_50_50_50May02_23-57-43.pth   |  0.6256663317682617  |  0.3975391136331844 |  0.3042777404326239 |
|   WeightFiles/350_0.01_50_50_50May02_23-58-49.pth   |  0.6135966715431108  | 0.38268723343821653 | 0.31077163079285197 |
|   WeightFiles/500_0.01_50_50_50May02_23-59-53.pth   |  0.5104740546009847  |  0.314096589558962  |  0.2905570238564326 |
|  WeightFiles/200_0.001_50_100_100May03_00-03-27.pth |  0.6057651002061388  |  0.3639284972449293 |  0.2792419425492591 |
|  WeightFiles/350_0.001_50_100_100May03_00-05-29.pth |  0.5998665293770553  |  0.3582797454690995 |  0.2903699067236924 |
|  WeightFiles/500_0.001_50_100_100May03_00-07-29.pth |  0.6159462481636009  |  0.3609128984070627 |  0.2970295528779533 |
|  WeightFiles/200_0.005_50_100_100May03_00-11-23.pth |  0.5961593328240382  |  0.3743350022273049 |  0.2979966635474858 |
|  WeightFiles/350_0.005_50_100_100May03_00-13-15.pth |  0.5635099297043997  | 0.33030677158840466 | 0.28358275171277203 |
|  WeightFiles/500_0.005_50_100_100May03_00-15-13.pth |  0.4631371477251974  | 0.27925507616738265 | 0.23361509674425318 |
|  WeightFiles/200_0.01_50_100_100May03_00-18-40.pth  |  0.5571212168135423  |  0.3434564490789568 | 0.26055232441969683 |
|  WeightFiles/350_0.01_50_100_100May03_00-20-23.pth  |  0.5819066331169953  | 0.36523386932254237 | 0.29956223080869687 |
|  WeightFiles/500_0.01_50_100_100May03_00-22-06.pth  |  0.410569924070711   |  0.2201927494053073 | 0.22266393266410703 |
|  WeightFiles/200_0.001_100_20_20May03_00-23-53.pth  |  0.5171082038946562  |  0.3136219937428417 |  0.2631828971433914 |
|  WeightFiles/350_0.001_100_20_20May03_00-24-26.pth  |  0.6048933380401432  |  0.3759210929301177 |  0.2911904975021305 |
|  WeightFiles/500_0.001_100_20_20May03_00-24-59.pth  |  0.5897432733041472  |  0.3719017879686533 | 0.29360215166847775 |
|  WeightFiles/200_0.005_100_20_20May03_00-26-37.pth  |  0.5915343705895519  |  0.3667113858037389 |  0.2879893441210621 |
|  WeightFiles/350_0.005_100_20_20May03_00-27-10.pth  |  0.6319499950432705  | 0.39952257090776466 | 0.31556562803711813 |
|  WeightFiles/500_0.005_100_20_20May03_00-27-43.pth  |  0.6277525763749751  |  0.3778264962441242 | 0.30214335225953287 |
|   WeightFiles/200_0.01_100_20_20May03_00-29-21.pth  |  0.6108523632284465  | 0.35928844355120315 | 0.28730691910200035 |
|   WeightFiles/350_0.01_100_20_20May03_00-29-54.pth  |  0.627216763454983   |  0.3947741792744581 |  0.3217472007217926 |
|   WeightFiles/500_0.01_100_20_20May03_00-30-26.pth  |  0.5971799108734398  |  0.3647727940802754 |  0.3120731617527783 |
|  WeightFiles/200_0.001_100_50_50May03_00-32-58.pth  |  0.582731115742791   | 0.36690721400890075 |  0.2863713781090665 |
|  WeightFiles/350_0.001_100_50_50May03_00-34-05.pth  |  0.6325413482686225  |  0.3643537818760185 | 0.28431410128731366 |
|  WeightFiles/500_0.001_100_50_50May03_00-35-19.pth  |  0.6060924330316577  |  0.3740692355760858 |  0.2984257983843662 |
|  WeightFiles/200_0.005_100_50_50May03_00-38-16.pth  |  0.5833738157267567  |  0.3644714457940578 | 0.30076849635238206 |
|  WeightFiles/350_0.005_100_50_50May03_00-39-23.pth  |  0.5263279790665464  |  0.3044628397187611 | 0.26543698883150096 |
|  WeightFiles/500_0.005_100_50_50May03_00-40-30.pth  |  0.4960092562623507  |  0.2814156991447665 | 0.26591672551000034 |
|   WeightFiles/200_0.01_100_50_50May03_00-43-23.pth  |  0.5632578506070511  | 0.35909123983730407 | 0.30415731785919325 |
|   WeightFiles/350_0.01_100_50_50May03_00-44-28.pth  | 0.47833420862464143  | 0.27931619129924085 | 0.26039065512724857 |
|   WeightFiles/500_0.01_100_50_50May03_00-45-37.pth  | 0.38485770912202577  | 0.23219747435957572 | 0.23958764007407246 |
| WeightFiles/200_0.001_100_100_100May03_00-50-12.pth |  0.5840004899829402  | 0.37210307764775663 | 0.28881978749388826 |
| WeightFiles/350_0.001_100_100_100May03_00-52-23.pth |  0.6355025376335419  |  0.3856867086933536 |  0.309300681869065  |
| WeightFiles/500_0.001_100_100_100May03_00-54-33.pth |  0.6215423438652848  | 0.37553611634581413 | 0.31192910829439324 |
| WeightFiles/200_0.005_100_100_100May03_00-59-07.pth |  0.6084634333760494  |  0.3566783705905373 | 0.30467051581509297 |
| WeightFiles/350_0.005_100_100_100May03_01-01-22.pth |  0.5766675562999091  | 0.34208873829687686 |  0.2938023098295701 |
| WeightFiles/500_0.005_100_100_100May03_01-03-41.pth |  0.4945837657873333  |  0.267075736566495  | 0.25594813706605185 |
|  WeightFiles/200_0.01_100_100_100May03_01-08-05.pth |  0.5960453762377694  |  0.375829848146779  | 0.28757228889277986 |
|  WeightFiles/350_0.01_100_100_100May03_01-10-11.pth |  0.5489083865652752  |  0.3383181562598046 |  0.2886319939156812 |
|  WeightFiles/500_0.01_100_100_100May03_01-12-32.pth |  0.5163480709655552  |  0.2903871999766658 |  0.2652606666601094 |
+-----------------------------------------------------+----------------------+---------------------+---------------------+
+-----------------------------------------------------+----------------------+---------------------+---------------------+
|                        Model                        | Mean Reciprocal Rank |  Average Precision  |    Recall By User   |
+-----------------------------------------------------+----------------------+---------------------+---------------------+
|   WeightFiles/200_0.001_20_20_20May02_22-51-27.pth  | 0.32835424838661575  | 0.13734058282103184 | 0.11439946594749027 |
|   WeightFiles/350_0.001_20_20_20May02_22-52-08.pth  |  0.3893723553578196  | 0.18521854280179742 | 0.14440416168792505 |
|   WeightFiles/500_0.001_20_20_20May02_22-52-50.pth  |  0.4342394067432987  |  0.221420900078164  | 0.16920141533621352 |
|   WeightFiles/200_0.005_20_20_20May02_22-54-47.pth  |  0.4656826924846745  | 0.20748766802942492 |  0.1487085950569218 |
|   WeightFiles/350_0.005_20_20_20May02_22-55-21.pth  |  0.4616081269971971  |  0.227234552950919  | 0.17516772251337756 |
|   WeightFiles/500_0.005_20_20_20May02_22-55-56.pth  |  0.4753180847976825  | 0.24912267274134528 | 0.18970743571963658 |
|   WeightFiles/200_0.01_20_20_20May02_22-57-54.pth   |  0.4667255874147948  | 0.24416126491886175 | 0.18200153738498298 |
|   WeightFiles/350_0.01_20_20_20May02_22-58-33.pth   |  0.5001874258703024  |  0.2588194776950775 | 0.19495160908474093 |
|   WeightFiles/500_0.01_20_20_20May02_22-59-12.pth   |  0.4831260630170524  |  0.2537555192279338 | 0.19870300978936453 |
|   WeightFiles/200_0.001_20_50_50May02_23-01-48.pth  |  0.3285365027734342  | 0.15568550506940596 | 0.13011822623850858 |
|   WeightFiles/350_0.001_20_50_50May02_23-02-48.pth  |  0.3841764886912552  | 0.18891703076550193 | 0.14835066175521905 |
|   WeightFiles/500_0.001_20_50_50May02_23-04-00.pth  |  0.4474812630736548  | 0.21166951708722978 | 0.16447311602892875 |
|   WeightFiles/200_0.005_20_50_50May02_23-06-53.pth  | 0.48429571647852687  | 0.23566190541957152 | 0.18175241403002984 |
|   WeightFiles/350_0.005_20_50_50May02_23-07-52.pth  |  0.452784892282443   | 0.23873023996471351 | 0.18339972287267584 |
|   WeightFiles/500_0.005_20_50_50May02_23-08-50.pth  | 0.46477440050607227  | 0.24387970004110102 | 0.19196867999681005 |
|   WeightFiles/200_0.01_20_50_50May02_23-11-16.pth   |  0.503488134501022   |  0.2501608303521385 | 0.18506225282185626 |
|   WeightFiles/350_0.01_20_50_50May02_23-12-19.pth   | 0.46676623316724647  | 0.23035910413073332 | 0.18997310263755843 |
|   WeightFiles/500_0.01_20_50_50May02_23-13-26.pth   |  0.274038183209256   | 0.13356360298671058 | 0.13628935415514337 |
|  WeightFiles/200_0.001_20_100_100May02_23-17-09.pth | 0.42192914558674993  | 0.19612044571527557 | 0.15776520770271185 |
|  WeightFiles/350_0.001_20_100_100May02_23-19-05.pth |  0.4520961089931613  | 0.21562642265027726 | 0.16549515746892626 |
|  WeightFiles/500_0.001_20_100_100May02_23-21-07.pth | 0.41717868495599875  | 0.20932574917342703 |  0.1650946142784859 |
|  WeightFiles/200_0.005_20_100_100May02_23-25-02.pth |  0.4273815149529303  |  0.2184817096577313 | 0.17706442354799254 |
|  WeightFiles/350_0.005_20_100_100May02_23-26-49.pth |  0.5550853313041388  |  0.2755379613661189 |  0.1941293016745836 |
|  WeightFiles/500_0.005_20_100_100May02_23-28-32.pth |  0.515346457921362   | 0.27085935955470386 |  0.2053172846972689 |
|  WeightFiles/200_0.01_20_100_100May02_23-31-54.pth  |  0.3845537695291196  |  0.1730046999513216 |  0.1391514369485594 |
|  WeightFiles/350_0.01_20_100_100May02_23-33-41.pth  | 0.46660710152298307  |  0.2521858727040071 | 0.19261483168274565 |
|  WeightFiles/500_0.01_20_100_100May02_23-35-41.pth  | 0.46885003592670815  | 0.24801080544842152 |  0.1918823296477763 |
|   WeightFiles/200_0.001_50_20_20May02_23-37-37.pth  |  0.3775312885603705  | 0.17210477447303296 | 0.14334997588319143 |
|   WeightFiles/350_0.001_50_20_20May02_23-38-13.pth  |  0.5223824401374281  |  0.2460043980649556 | 0.18931908167976902 |
|   WeightFiles/500_0.001_50_20_20May02_23-38-48.pth  |  0.486452746442948   | 0.24393346599307122 | 0.18717608599693997 |
|   WeightFiles/200_0.005_50_20_20May02_23-40-43.pth  | 0.46582468925769943  |  0.2377904918288626 | 0.18776427516796154 |
|   WeightFiles/350_0.005_50_20_20May02_23-41-20.pth  | 0.43292601059045827  | 0.23234110891301663 |  0.1909157294892931 |
|   WeightFiles/500_0.005_50_20_20May02_23-42-07.pth  |  0.4566551650311287  | 0.23905517073827448 |  0.1996612717373454 |
|   WeightFiles/200_0.01_50_20_20May02_23-44-14.pth   |  0.4957710636706562  | 0.24064491131374657 | 0.19286107604937275 |
|   WeightFiles/350_0.01_50_20_20May02_23-44-54.pth   | 0.49321963572978744  | 0.25447874599944276 | 0.19257699534664918 |
|   WeightFiles/500_0.01_50_20_20May02_23-45-33.pth   |  0.5293245434878469  |  0.259101364407866  |  0.2066169235209421 |
|   WeightFiles/200_0.001_50_50_50May02_23-48-10.pth  | 0.37680118871418167  | 0.16909294953713302 |  0.1408151589410509 |
|   WeightFiles/350_0.001_50_50_50May02_23-49-26.pth  | 0.43991847562254405  | 0.22669769358737213 | 0.18297464495703694 |
|   WeightFiles/500_0.001_50_50_50May02_23-50-26.pth  |  0.4294885764357713  | 0.22278875927564015 |  0.1844845424479852 |
|   WeightFiles/200_0.005_50_50_50May02_23-53-15.pth  |  0.5137752985937187  |  0.2640359104139754 | 0.19187929255413327 |
|   WeightFiles/350_0.005_50_50_50May02_23-54-15.pth  |  0.4835530856603179  | 0.23824211428878986 | 0.18438659664234308 |
|   WeightFiles/500_0.005_50_50_50May02_23-55-13.pth  |  0.3399562837541121  | 0.16933265679796644 | 0.15248292392419763 |
|   WeightFiles/200_0.01_50_50_50May02_23-57-43.pth   |  0.4946874694347111  | 0.27465157169670695 | 0.20644948886438702 |
|   WeightFiles/350_0.01_50_50_50May02_23-58-49.pth   | 0.44649028655960193  |  0.2316257378805406 | 0.18755749028465335 |
|   WeightFiles/500_0.01_50_50_50May02_23-59-53.pth   | 0.32831888447827784  |  0.157949725298781  | 0.15460577700460879 |
|  WeightFiles/200_0.001_50_100_100May03_00-03-27.pth | 0.46117671310515773  | 0.22573350156293662 | 0.17410351747348285 |
|  WeightFiles/350_0.001_50_100_100May03_00-05-29.pth | 0.39217400434482097  | 0.20082829946025763 | 0.16786947495320864 |
|  WeightFiles/500_0.001_50_100_100May03_00-07-29.pth |  0.4081644135624722  | 0.18919850316264403 | 0.16004187774040363 |
|  WeightFiles/200_0.005_50_100_100May03_00-11-23.pth |  0.5017109537274901  |  0.2520327926326338 | 0.18500803262068713 |
|  WeightFiles/350_0.005_50_100_100May03_00-13-15.pth |  0.323809970704784   |  0.1638284306822349 | 0.14703723023194407 |
|  WeightFiles/500_0.005_50_100_100May03_00-15-13.pth |  0.3800242655472444  | 0.17597352967208227 | 0.13835135597342443 |
|  WeightFiles/200_0.01_50_100_100May03_00-18-40.pth  |  0.5135299551129392  |  0.262354035934396  | 0.19347371261722693 |
|  WeightFiles/350_0.01_50_100_100May03_00-20-23.pth  |  0.4427150487103117  |  0.2396985084802536 | 0.18911727269664866 |
|  WeightFiles/500_0.01_50_100_100May03_00-22-06.pth  | 0.19455919836351607  | 0.08012953548386602 | 0.09742230543838619 |
|  WeightFiles/200_0.001_100_20_20May03_00-23-53.pth  |  0.4160993240576787  |  0.1998910182443115 | 0.16625620073299294 |
|  WeightFiles/350_0.001_100_20_20May03_00-24-26.pth  | 0.49337814385174705  | 0.24892286359967852 |  0.1901058684696168 |
|  WeightFiles/500_0.001_100_20_20May03_00-24-59.pth  |  0.5185763942448887  | 0.25622978229415916 | 0.19804082257381977 |
|  WeightFiles/200_0.005_100_20_20May03_00-26-37.pth  |  0.5253922025757582  | 0.26339049046756474 | 0.19892775315599162 |
|  WeightFiles/350_0.005_100_20_20May03_00-27-10.pth  |  0.4987900472569935  | 0.26935105698652884 | 0.20256178123087437 |
|  WeightFiles/500_0.005_100_20_20May03_00-27-43.pth  |  0.4893091917957724  |  0.2605005457687308 | 0.20124780922037144 |
|   WeightFiles/200_0.01_100_20_20May03_00-29-21.pth  |  0.5002906946636657  |  0.2510155935176793 | 0.19318775827957738 |
|   WeightFiles/350_0.01_100_20_20May03_00-29-54.pth  |  0.460920455975307   |  0.2312921404399692 |  0.1881657636330923 |
|   WeightFiles/500_0.01_100_20_20May03_00-30-26.pth  | 0.40864320679435734  | 0.20607125148329483 | 0.18692902425796146 |
|  WeightFiles/200_0.001_100_50_50May03_00-32-58.pth  |  0.471686131972615   | 0.24439198209513208 | 0.19110831647571253 |
|  WeightFiles/350_0.001_100_50_50May03_00-34-05.pth  | 0.47001908179969326  |  0.2444465891487251 | 0.18644054782883762 |
|  WeightFiles/500_0.001_100_50_50May03_00-35-19.pth  |  0.4790295941483667  | 0.23127471391181897 |  0.1809815597846551 |
|  WeightFiles/200_0.005_100_50_50May03_00-38-16.pth  | 0.42677659855510114  | 0.22516378042107515 | 0.18002823781039068 |
|  WeightFiles/350_0.005_100_50_50May03_00-39-23.pth  |  0.3089562168806241  | 0.14538636796253285 | 0.14007693006396507 |
|  WeightFiles/500_0.005_100_50_50May03_00-40-30.pth  | 0.28017987600793276  |  0.1289574903373202 | 0.12852405984570356 |
|   WeightFiles/200_0.01_100_50_50May03_00-43-23.pth  | 0.44955774904374624  |  0.2348288796948665 | 0.18664658581747443 |
|   WeightFiles/350_0.01_100_50_50May03_00-44-28.pth  |  0.2682027386742405  | 0.12694804105380353 | 0.12872597806628405 |
|   WeightFiles/500_0.01_100_50_50May03_00-45-37.pth  | 0.19407212147564032  | 0.09123738280123733 | 0.10532250751514559 |
| WeightFiles/200_0.001_100_100_100May03_00-50-12.pth |  0.4952062435837647  | 0.24869822244533926 | 0.18983900570978235 |
| WeightFiles/350_0.001_100_100_100May03_00-52-23.pth | 0.44543311035795174  | 0.22737229142073948 | 0.17298670015746276 |
| WeightFiles/500_0.001_100_100_100May03_00-54-33.pth |  0.4076780393527741  |  0.1961298359883151 |  0.1566079105129882 |
| WeightFiles/200_0.005_100_100_100May03_00-59-07.pth |  0.3834484524350698  | 0.17951874360546566 |  0.1562170014683584 |
| WeightFiles/350_0.005_100_100_100May03_01-01-22.pth | 0.33227805200507965  | 0.16118671986810892 | 0.14918046839172014 |
| WeightFiles/500_0.005_100_100_100May03_01-03-41.pth | 0.17840948725459221  | 0.07637674838534357 | 0.09285570766800318 |
|  WeightFiles/200_0.01_100_100_100May03_01-08-05.pth |  0.5314061987490638  | 0.27702903176974364 | 0.19528827767432938 |
|  WeightFiles/350_0.01_100_100_100May03_01-10-11.pth | 0.46659450600846186  | 0.23537150234182735 | 0.18749025840578193 |
|  WeightFiles/500_0.01_100_100_100May03_01-12-32.pth | 0.37820123026535635  | 0.17855571561608327 |  0.1599504789846864 |
+-----------------------------------------------------+----------------------+---------------------+---------------------+
+-----------------------------------------------------+----------------------+----------------------+----------------------+
|                        Model                        | Mean Reciprocal Rank |  Average Precision   |    Recall By User    |
+-----------------------------------------------------+----------------------+----------------------+----------------------+
|   WeightFiles/200_0.001_20_20_20May02_22-51-27.pth  |  0.2009869881659811  | 0.061752746061029054 |  0.0607988688582541  |
|   WeightFiles/350_0.001_20_20_20May02_22-52-08.pth  |  0.2444730462564266  | 0.08588660155256658  | 0.08601390361729767  |
|   WeightFiles/500_0.001_20_20_20May02_22-52-50.pth  | 0.25434552344480243  | 0.09390252442508709  | 0.09614704842700665  |
|   WeightFiles/200_0.005_20_20_20May02_22-54-47.pth  | 0.28709558412284414  | 0.10096885762849966  | 0.09991752091434045  |
|   WeightFiles/350_0.005_20_20_20May02_22-55-21.pth  |  0.3017625987001856  | 0.10968368693093437  |  0.1079297749499243  |
|   WeightFiles/500_0.005_20_20_20May02_22-55-56.pth  | 0.30826904009607564  | 0.11402613547756671  | 0.11170024743725791  |
|   WeightFiles/200_0.01_20_20_20May02_22-57-54.pth   | 0.28049211877068325  | 0.10282885419748117  | 0.10262754801461149  |
|   WeightFiles/350_0.01_20_20_20May02_22-58-33.pth   | 0.30076194517224925  | 0.11048925980391601  | 0.10981501119359126  |
|   WeightFiles/500_0.01_20_20_20May02_22-59-12.pth   |  0.3020025132123124  | 0.11248018794321957  | 0.11134676564157038  |
|   WeightFiles/200_0.001_20_50_50May02_23-01-48.pth  | 0.22662977577740048  |  0.0780603391195225  | 0.07835513137740117  |
|   WeightFiles/350_0.001_20_50_50May02_23-02-48.pth  | 0.23707711162494793  | 0.08523902395191238  | 0.08495345823023508  |
|   WeightFiles/500_0.001_20_50_50May02_23-04-00.pth  | 0.25203388401382537  | 0.09210089322981609  | 0.09249440320490235  |
|   WeightFiles/200_0.005_20_50_50May02_23-06-53.pth  |  0.2872607662545055  | 0.10405906418117744  |  0.1065158477671742  |
|   WeightFiles/350_0.005_20_50_50May02_23-07-52.pth  | 0.27813039467071643  | 0.10525593634174989  | 0.10639802050194506  |
|   WeightFiles/500_0.005_20_50_50May02_23-08-50.pth  | 0.28843060636769896  | 0.10924306193211986  | 0.10946152939790355  |
|   WeightFiles/200_0.01_20_50_50May02_23-11-16.pth   |  0.3191994764432645  | 0.11587092255160546  | 0.11287852008954966  |
|   WeightFiles/350_0.01_20_50_50May02_23-12-19.pth   | 0.28599131203699296  | 0.10558165763494895  | 0.10663367503240334  |
|   WeightFiles/500_0.01_20_50_50May02_23-13-26.pth   |  0.205586015511217   | 0.07744327026866764  | 0.07929774949923464  |
|  WeightFiles/200_0.001_20_100_100May02_23-17-09.pth | 0.23859127263129626  |   0.08478679021009   | 0.08801696712619368  |
|  WeightFiles/350_0.001_20_100_100May02_23-19-05.pth | 0.24642096871744212  | 0.08831661745809581  | 0.08919523977848555  |
|  WeightFiles/500_0.001_20_100_100May02_23-21-07.pth |  0.2499181676753451  | 0.08717366412990465  | 0.08719217626958947  |
|  WeightFiles/200_0.005_20_100_100May02_23-25-02.pth | 0.25742345345378675  | 0.09512122868486893  | 0.09626487569223596  |
|  WeightFiles/350_0.005_20_100_100May02_23-26-49.pth | 0.30281866079749503  | 0.11549132378061674  | 0.11700247437257079  |
|  WeightFiles/500_0.005_20_100_100May02_23-28-32.pth |  0.286370818601493   | 0.11406849404081924  | 0.11582420172027914  |
|  WeightFiles/200_0.01_20_100_100May02_23-31-54.pth  | 0.25997592810797804  | 0.09002686275393723  | 0.09119830328738136  |
|  WeightFiles/350_0.01_20_100_100May02_23-33-41.pth  | 0.32203121424836373  | 0.12522448778910963  |  0.1274891009779674  |
|  WeightFiles/500_0.01_20_100_100May02_23-35-41.pth  | 0.32608687048346724  | 0.12389571939378599  | 0.12572169199952973  |
|   WeightFiles/200_0.001_50_20_20May02_23-37-37.pth  | 0.24606932355486488  |  0.0868082260006767  | 0.08872393071756876  |
|   WeightFiles/350_0.001_50_20_20May02_23-38-13.pth  |  0.3010999848924613  | 0.11099848975323783  | 0.11228938376340379  |
|   WeightFiles/500_0.001_50_20_20May02_23-38-48.pth  |  0.3106184219018053  | 0.11647187840285951  | 0.11723812890302922  |
|   WeightFiles/200_0.005_50_20_20May02_23-40-43.pth  | 0.28796216707921346  | 0.10959554227549775  | 0.10899022033698695  |
|   WeightFiles/350_0.005_50_20_20May02_23-41-20.pth  |  0.2829894088521405  | 0.11094980247741623  | 0.11405679274184144  |
|   WeightFiles/500_0.005_50_20_20May02_23-42-07.pth  |  0.3066010447107519  | 0.11680324827106228  | 0.11770943796394592  |
|   WeightFiles/200_0.01_50_20_20May02_23-44-14.pth   |  0.3247580769626589  |  0.1195225619455564  | 0.11664899257688345  |
|   WeightFiles/350_0.01_50_20_20May02_23-44-54.pth   |  0.3236540505174539  | 0.12578046494416995  | 0.12689996465182155  |
|   WeightFiles/500_0.01_50_20_20May02_23-45-33.pth   |  0.3244277316308109  | 0.12414986743151686  | 0.12395428302109225  |
|   WeightFiles/200_0.001_50_50_50May02_23-48-10.pth  | 0.25878619432174255  | 0.09402247810227908  | 0.09402615765288155  |
|   WeightFiles/350_0.001_50_50_50May02_23-49-26.pth  |  0.2841641481081559  |  0.1047619400510837  | 0.10616236597148686  |
|   WeightFiles/500_0.001_50_50_50May02_23-50-26.pth  | 0.29661307036953244  | 0.10485989729349823  |  0.1012136208318615  |
|   WeightFiles/200_0.005_50_50_50May02_23-53-15.pth  |  0.3014781634673678  | 0.11709403872109801  | 0.11994815600330025  |
|   WeightFiles/350_0.005_50_50_50May02_23-54-15.pth  | 0.27424384948752645  | 0.10648636609223866  | 0.10887239307175768  |
|   WeightFiles/500_0.005_50_50_50May02_23-55-13.pth  |  0.2322201128275317  |  0.0888583865825944  | 0.09261223047013152  |
|   WeightFiles/200_0.01_50_50_50May02_23-57-43.pth   |  0.3065087829526601  | 0.12202259293382693  |  0.1237186284906337  |
|   WeightFiles/350_0.01_50_50_50May02_23-58-49.pth   |  0.2906970114091319  | 0.10806978477338139  | 0.10863673854129931  |
|   WeightFiles/500_0.01_50_50_50May02_23-59-53.pth   | 0.21594864690190146  | 0.08127595389654665  |  0.0843643219040892  |
|  WeightFiles/200_0.001_50_100_100May03_00-03-27.pth | 0.28490409911848746  | 0.10560296824939498  | 0.10427712972781986  |
|  WeightFiles/350_0.001_50_100_100May03_00-05-29.pth |  0.2739554099515347  | 0.10018977677286903  | 0.09850359373159018  |
|  WeightFiles/500_0.001_50_100_100May03_00-07-29.pth | 0.25131347224638156  | 0.09009527391962197  | 0.08895958524802705  |
|  WeightFiles/200_0.005_50_100_100May03_00-11-23.pth |  0.3125747551408162  | 0.11780667471477849  | 0.11594202898550825  |
|  WeightFiles/350_0.005_50_100_100May03_00-13-15.pth | 0.22829078107722542  | 0.08128354549803819  | 0.08071167668198476  |
|  WeightFiles/500_0.005_50_100_100May03_00-15-13.pth |  0.2603880550438829  |  0.0948858974425207  |  0.0975609756097568  |
|  WeightFiles/200_0.01_50_100_100May03_00-18-40.pth  |  0.306033323894578   | 0.11267353323273346  | 0.11276069282432058  |
|  WeightFiles/350_0.01_50_100_100May03_00-20-23.pth  |  0.2961830896608827  | 0.11168926370784651  | 0.11264286555909138  |
|  WeightFiles/500_0.01_50_100_100May03_00-22-06.pth  | 0.13944948555262784  | 0.04902391575344923  | 0.049958760457169904 |
|  WeightFiles/200_0.001_100_20_20May03_00-23-53.pth  |  0.2589504202747119  |  0.0983907406084298  | 0.09944621185342369  |
|  WeightFiles/350_0.001_100_20_20May03_00-24-26.pth  | 0.31476400204559773  | 0.11733960354680407  |   0.1171203016378    |
|  WeightFiles/500_0.001_100_20_20May03_00-24-59.pth  | 0.29784916388840144  | 0.11514067414220754  | 0.11535289265936231  |
|  WeightFiles/200_0.005_100_20_20May03_00-26-37.pth  |  0.3077896660780279  |  0.1182341620480452  | 0.11641333804642509  |
|  WeightFiles/350_0.005_100_20_20May03_00-27-10.pth  | 0.33272244433679177  | 0.12458202592637428  | 0.12265818310357118  |
|  WeightFiles/500_0.005_100_20_20May03_00-27-43.pth  | 0.32200773857381054  | 0.11822429463866142  | 0.11605985625073749  |
|   WeightFiles/200_0.01_100_20_20May03_00-29-21.pth  |  0.296303599375129   | 0.11486722399929218  | 0.11547071992459143  |
|   WeightFiles/350_0.01_100_20_20May03_00-29-54.pth  |   0.30894005275086   |  0.1160184000280286  | 0.11547071992459154  |
|   WeightFiles/500_0.01_100_20_20May03_00-30-26.pth  |  0.2765893310620606  | 0.10591371772324212  | 0.10533757511488251  |
|  WeightFiles/200_0.001_100_50_50May03_00-32-58.pth  |  0.2886049998088723  | 0.11059923190006049  | 0.11240721102863298  |
|  WeightFiles/350_0.001_100_50_50May03_00-34-05.pth  |  0.2946045751678577  | 0.10902738765897388  | 0.10899022033698694  |
|  WeightFiles/500_0.001_100_50_50May03_00-35-19.pth  |  0.2700871903925247  | 0.10230402519972857  | 0.10121362083186149  |
|  WeightFiles/200_0.005_100_50_50May03_00-38-16.pth  |  0.2661157815861872  | 0.10135909544785114  | 0.10439495699304902  |
|  WeightFiles/350_0.005_100_50_50May03_00-39-23.pth  | 0.21798438167872597  | 0.07911127761915823  |  0.0797690585601513  |
|  WeightFiles/500_0.005_100_50_50May03_00-40-30.pth  | 0.18137027789492113  | 0.06576139172189097  | 0.06692588665017117  |
|   WeightFiles/200_0.01_100_50_50May03_00-43-23.pth  |  0.2840782419196082  | 0.10597111362415179  |  0.1042771297278199  |
|   WeightFiles/350_0.01_100_50_50May03_00-44-28.pth  | 0.18901579632435608  |  0.0697872429632236  |  0.0710498409331924  |
|   WeightFiles/500_0.01_100_50_50May03_00-45-37.pth  | 0.14011384683280734  | 0.04941858133936433  |  0.0512548603746908  |
| WeightFiles/200_0.001_100_100_100May03_00-50-12.pth | 0.29643279751268353  | 0.11108360187046527  | 0.11122893837634133  |
| WeightFiles/350_0.001_100_100_100May03_00-52-23.pth | 0.25291028932734744  | 0.09135144919682847  | 0.09143395781783979  |
| WeightFiles/500_0.001_100_100_100May03_00-54-33.pth | 0.24423666299941338  | 0.08601399906270982  | 0.08436432190408923  |
| WeightFiles/200_0.005_100_100_100May03_00-59-07.pth | 0.23957152258415648  |  0.0879548485026706  | 0.08895958524802713  |
| WeightFiles/350_0.005_100_100_100May03_01-01-22.pth | 0.21820349583146015  |  0.0825863744189689  |  0.0838930128431726  |
| WeightFiles/500_0.005_100_100_100May03_01-03-41.pth |  0.1500309810890634  | 0.05217924121343563  | 0.05302226935312844  |
|  WeightFiles/200_0.01_100_100_100May03_01-08-05.pth |  0.331519728661759   | 0.12760883842443532  | 0.12701779191705068  |
|  WeightFiles/350_0.01_100_100_100May03_01-10-11.pth | 0.28293474381681827  | 0.11122785483027063  |  0.1134676564156955  |
|  WeightFiles/500_0.01_100_100_100May03_01-12-32.pth | 0.24518021755092867  | 0.09004593113823486  |  0.0910804760221522  |
+-----------------------------------------------------+----------------------+----------------------+----------------------+